
[40]

[ 69  72  76  78  79  80  81  82  82  82  82  82  82  82  82  82  82  81
  82  82  82  81  81  81  81  81  80  80  51  21  21  21  21  21  21  21
  21  21  21  21  19  26  26  94 119  54  25  25  25  25  25  25  31 109
 116  42  25  34  90 119 119 119 118 107  83  50  25  31 119 119 119 119
 119 119 119 119 119 223 240  64  19  19  19  19  19 113 229 229 174 174
 174 174 174 174 174 174 164 151 126  86  25  12 123 228 229 229 229 229
 229 229 229 166  30  29  29  28  28  27  26 158 255 128  24  24  35 255
 255  38  22  21  21  21  21  27 187 251  96  20  20  19  19  19  19  19
  19  19  19  19  19  22  47  94 170 249 242  61  18 100 251 186  26  18
  19  19  19  19  32 255 247  19  19 230 255  71  19  19 233 255  43  19
  19  19  20 127 255 157  22  22  22  22  22  22  22  22  22  22  22  22
  22  23]



[45]

[ 16  16  16  16  16  16  16  16  16  16  16  16  16  16  16  16  15  15
  15  15  16  16  15  15  15  15  15  15  10   4   4   4   4   4   4   4
   4   4   4   4  19  19  19  19  30 100 119 117 114 114 116 119 117  54
  19  19  19  28 100 119 116 113 113 117 119 105  26  19  20  49 116 119
 114 111 113 118 118  92   7   4   4   4   4   4   4 105 229 229 174 174
 174 174 174 174 174 161 112  84  74  80 102 191 229 229 229 229 229 229
 229 229 229 158   5   5   5   5   5   5   5  11 158 255 251 208  29   6
  51 235 255 245 238 241 252 251 110   6   5   5   5   5   5   5   5   5
  11 142 255 254 246 241 242 248 255 239  55   5   5  91 251 215 234 253
 242 237 244 255 234  54   6   5   5 228 255  60   5   5 231 255  30   4
   4   4   4 117 255 150   4  31 223 251  89   4   4   4   4   4   4   4
   4   4]




white pixels

40
184
177
172

45
177
172
165